0.png -10 0 1 1
1.png -10 0 1 1
2.png -10 0 1 1
3.png -9 0 1 1
4.png -9 0 1 1
5.png -9 0 1 1
6.png -8 0 1 1
7.png -8 0 1 1
8.png -8 0 1 1
9.png -7 0 1 1
10.png -7 0 1 1
11.png -7 0 1 1
12.png -6 0 1 1
13.png -6 0 1 1
14.png -6 0 1 1
15.png -5 0 1 1
16.png -5 0 1 1
17.png -5 0 1 1
18.png -4 0 1 1
19.png -4 0 1 1
20.png -4 0 1 1
21.png -3 0 1 1
22.png -3 0 1 1
23.png -3 0 1 1
24.png -2 0 1 1
25.png -2 0 1 1
26.png -2 0 1 1
27.png -1 0 1 1
28.png -1 0 1 1
29.png -1 0 1 1
30.png 0 0 1 1
31.png 0 0 1 1
32.png 1 0 1 1
33.png 1 0 1 1
34.png 1 0 1 1
35.png 2 0 1 1
36.png 2 0 1 1
37.png 2 0 1 1
38.png 3 0 1 1
39.png 3 0 1 1
40.png 3 0 1 1
41.png 4 0 1 1
42.png 4 0 1 1
43.png 4 0 1 1
44.png 5 0 1 1
45.png 5 0 1 1
46.png 5 0 1 1
47.png 6 0 1 1
48.png 6 0 1 1
49.png 6 0 1 1
50.png 7 0 1 1
51.png 7 0 1 1
52.png 7 0 1 1
53.png 8 0 1 1
54.png 8 0 1 1
55.png 8 0 1 1
56.png 9 0 1 1
57.png 9 0 1 1
58.png 9 0 1 1
59.png 10 0 1 1
60.png 10 0 1 1
61.png 10 0 1 1